-164.8,[0.396319609385977, 0.52932316035539, 0.1376372893466481, 0.62977476447669, 0.24873597398015568, 0.6557625914899758]
-193.6,[0.5753129035121646, 0.583967767224565, 0.7093247018240799, 0.26823872739373833, 0.1947365043464524, 0.9621072098076512]
-194.8,[0.9350839564885802, 0.17185623227366675, 0.7423272938611838, 0.24218277095873963, 0.304571207757222, 0.846852233253125]
-151.6,[0.9350839564885802, 0.17185623227366675, 0.7423272938611838, 0.24218277095873963, 0.2080887316561929, 0.987174928176078]
-175.8,[0.8766866639457542, 0.4705756227558858, 0.22127789244049056, 0.7907539889271986, 0.1947365043464524, 0.9621072098076512]
-177.0,[0.396319609385977, 0.52932316035539, 0.1376372893466481, 0.62977476447669, 0.18341223886667002, 0.67449621079777]
-146.0,[0.9350839564885802, 0.17185623227366675, 0.7423272938611838, 0.24218277095873963, 0.42507296868660527, 0.5731728011351861]
-151.6,[0.9350839564885802, 0.17185623227366675, 0.7423272938611838, 0.24218277095873963, 0.2080887316561929, 0.987174928176078]
-160.4,[0.9350839564885802, 0.17185623227366675, 0.7423272938611838, 0.24218277095873963, 0.42507296868660527, 0.5731728011351861]
-146.0,[0.9350839564885802, 0.17185623227366675, 0.7423272938611838, 0.05236629710394369, 0.42507296868660527, 0.5731728011351861]
-146.8,[0.9350839564885802, 0.17185623227366675, 0.7423272938611838, 0.24218277095873963, 0.4930746316767821, 0.49231424743661434]
-151.6,[0.9350839564885802, 0.17185623227366675, 0.6890197259819939, 0.3982096806341736, 0.2080887316561929, 0.987174928176078]
-146.8,[0.9350839564885802, 0.17185623227366675, 0.7423272938611838, 0.24218277095873963, 0.4930746316767821, 0.49231424743661434]
-147.4,[0.6180380488836629, 0.44101728118545713, 0.246382641721983, 0.24218277095873963, 0.18341223886667002, 0.7651513847235644]
-149.0,[0.6180380488836629, 0.44101728118545713, 0.246382641721983, 0.24218277095873963, 0.42507296868660527, 0.5731728011351861]
-146.0,[0.9350839564885802, 0.17185623227366675, 0.7423272938611838, 0.05236629710394369, 0.42507296868660527, 0.5731728011351861]
-146.0,[0.9350839564885802, 0.17185623227366675, 0.7423272938611838, 0.24218277095873963, 0.42507296868660527, 0.5731728011351861]
-146.0,[0.9350839564885802, 0.17185623227366675, 0.7423272938611838, 0.24218277095873963, 0.18341223886667002, 0.7651513847235644]
-146.0,[0.9350839564885802, 0.17185623227366675, 0.7423272938611838, 0.24218277095873963, 0.42507296868660527, 0.5731728011351861]
-146.0,[0.9350839564885802, 0.17185623227366675, 0.7423272938611838, 0.05236629710394369, 0.42507296868660527, 0.5731728011351861]
-146.0,[0.9350839564885802, 0.17185623227366675, 0.5274431072454837, 0.24218277095873963, 0.42507296868660527, 0.5731728011351861]
-146.0,[0.9350839564885802, 0.17185623227366675, 0.7423272938611838, 0.24218277095873963, 0.18341223886667002, 0.7651513847235644]
-146.0,[0.9350839564885802, 0.17185623227366675, 0.7423272938611838, 0.24218277095873963, 0.42507296868660527, 0.5731728011351861]
-146.0,[0.9350839564885802, 0.17185623227366675, 0.7423272938611838, 0.24218277095873963, 0.42507296868660527, 0.5731728011351861]
-146.0,[0.9350839564885802, 0.17185623227366675, 0.3631656903162128, 0.24218277095873963, 0.42507296868660527, 0.5731728011351861]
-146.0,[0.9350839564885802, 0.17185623227366675, 0.7423272938611838, 0.24218277095873963, 0.42507296868660527, 0.5731728011351861]
-146.0,[0.9350839564885802, 0.17185623227366675, 0.6654280025476207, 0.05236629710394369, 0.18341223886667002, 0.7651513847235644]
-146.0,[0.9350839564885802, 0.17185623227366675, 0.7423272938611838, 0.24218277095873963, 0.42507296868660527, 0.5731728011351861]
-146.0,[0.9350839564885802, 0.17185623227366675, 0.7423272938611838, 0.24218277095873963, 0.42507296868660527, 0.5731728011351861]
-146.8,[0.9350839564885802, 0.17185623227366675, 0.7423272938611838, 0.24218277095873963, 0.4930746316767821, 0.49231424743661434]
-146.0,[0.9350839564885802, 0.17185623227366675, 0.7423272938611838, 0.24218277095873963, 0.42507296868660527, 0.5731728011351861]
-146.0,[0.9350839564885802, 0.17185623227366675, 0.7423272938611838, 0.24218277095873963, 0.18341223886667002, 0.7651513847235644]
-146.0,[0.9350839564885802, 0.17185623227366675, 0.6654280025476207, 0.0, 0.42507296868660527, 0.5731728011351861]
-146.0,[0.9350839564885802, 0.17185623227366675, 0.7423272938611838, 0.24218277095873963, 0.42507296868660527, 0.5731728011351861]
-146.0,[0.9350839564885802, 0.17185623227366675, 0.6654280025476207, 0.24218277095873963, 0.42507296868660527, 0.5731728011351861]
-146.0,[0.9350839564885802, 0.17185623227366675, 0.7423272938611838, 0.06032658051446538, 0.42507296868660527, 0.5731728011351861]
-146.0,[0.9350839564885802, 0.17185623227366675, 0.7423272938611838, 0.24218277095873963, 0.42507296868660527, 0.5731728011351861]
-146.0,[0.9350839564885802, 0.17185623227366675, 0.6654280025476207, 0.24218277095873963, 0.42507296868660527, 0.5731728011351861]
-146.0,[0.8987301555135596, 0.2039818045560624, 0.7216918019128554, 0.0, 0.42507296868660527, 0.5731728011351861]
-146.0,[0.9350839564885802, 0.17185623227366675, 0.7423272938611838, 0.24218277095873963, 0.42507296868660527, 0.5731728011351861]
-146.0,[0.9350839564885802, 0.17185623227366675, 0.7423272938611838, 0.06032658051446538, 0.42507296868660527, 0.5731728011351861]
-146.0,[0.9350839564885802, 0.17185623227366675, 0.6654280025476207, 0.29904799074384575, 0.42507296868660527, 0.5731728011351861]
-146.0,[0.9350839564885802, 0.17185623227366675, 0.7423272938611838, 0.24218277095873963, 0.42507296868660527, 0.5731728011351861]
-146.0,[0.9350839564885802, 0.17185623227366675, 0.7423272938611838, 0.24218277095873963, 0.42507296868660527, 0.5731728011351861]
-146.0,[0.9350839564885802, 0.17185623227366675, 0.7423272938611838, 0.24218277095873963, 0.42507296868660527, 0.5731728011351861]
-146.0,[0.9350839564885802, 0.17185623227366675, 0.6654280025476207, 0.24218277095873963, 0.42507296868660527, 0.5731728011351861]
-146.0,[0.9350839564885802, 0.17185623227366675, 0.6654280025476207, 0.06032658051446538, 0.42507296868660527, 0.5731728011351861]
-146.0,[0.9350839564885802, 0.17185623227366675, 0.7423272938611838, 0.24218277095873963, 0.42507296868660527, 0.5731728011351861]
-146.0,[0.9350839564885802, 0.17185623227366675, 0.7423272938611838, 0.06032658051446538, 0.42507296868660527, 0.5731728011351861]
-146.0,[0.9350839564885802, 0.17185623227366675, 0.7423272938611838, 0.06032658051446538, 0.42507296868660527, 0.5731728011351861]
-146.0,[0.9350839564885802, 0.17185623227366675, 0.6077763100460365, 0.06032658051446538, 0.42507296868660527, 0.5731728011351861]
-146.0,[0.9350839564885802, 0.17185623227366675, 0.7423272938611838, 0.24218277095873963, 0.42507296868660527, 0.5731728011351861]
-146.0,[0.9350839564885802, 0.17185623227366675, 0.7216918019128554, 0.24218277095873963, 0.42507296868660527, 0.5731728011351861]
-146.0,[0.9350839564885802, 0.17185623227366675, 0.43498098580114986, 0.24218277095873963, 0.42507296868660527, 0.5731728011351861]
-146.0,[0.9350839564885802, 0.17185623227366675, 0.7423272938611838, 0.06032658051446538, 0.42507296868660527, 0.5731728011351861]
-146.0,[0.9350839564885802, 0.17185623227366675, 0.7423272938611838, 0.06032658051446538, 0.42507296868660527, 0.5731728011351861]
-146.0,[0.9350839564885802, 0.17185623227366675, 0.7216918019128554, 0.24218277095873963, 0.42507296868660527, 0.5731728011351861]
-146.0,[0.9350839564885802, 0.17185623227366675, 0.43498098580114986, 0.24218277095873963, 0.42507296868660527, 0.5731728011351861]
-146.0,[0.9350839564885802, 0.17185623227366675, 0.6077763100460365, 0.06032658051446538, 0.42507296868660527, 0.5731728011351861]
-146.0,[0.9350839564885802, 0.17185623227366675, 0.7423272938611838, 0.05236629710394369, 0.42507296868660527, 0.5731728011351861]
-145.8,[0.8987301555135596, 0.17185623227366675, 0.7423272938611838, 0.24218277095873963, 0.40326121129170756, 0.5731728011351861]
-146.0,[0.9350839564885802, 0.17185623227366675, 0.43498098580114986, 0.06032658051446538, 0.42507296868660527, 0.5731728011351861]
-146.0,[0.9350839564885802, 0.17185623227366675, 0.7423272938611838, 0.24218277095873963, 0.42507296868660527, 0.5731728011351861]
-146.0,[0.9350839564885802, 0.17185623227366675, 0.7423272938611838, 0.06032658051446538, 0.42507296868660527, 0.5731728011351861]
-146.0,[0.9350839564885802, 0.17185623227366675, 0.7423272938611838, 0.06032658051446538, 0.42507296868660527, 0.5731728011351861]
-146.0,[0.9350839564885802, 0.17185623227366675, 0.7423272938611838, 0.0, 0.42507296868660527, 0.5731728011351861]
-146.0,[0.9350839564885802, 0.17185623227366675, 0.8653226940617467, 0.0, 0.42507296868660527, 0.5731728011351861]
-146.0,[0.9350839564885802, 0.17185623227366675, 0.5039896066346274, 0.06032658051446538, 0.42507296868660527, 0.5731728011351861]
-146.0,[0.9350839564885802, 0.17185623227366675, 0.43498098580114986, 0.06032658051446538, 0.42507296868660527, 0.5731728011351861]
-146.0,[0.9350839564885802, 0.17185623227366675, 0.7423272938611838, 0.06032658051446538, 0.42507296868660527, 0.5731728011351861]
-146.0,[0.9350839564885802, 0.17185623227366675, 0.5039896066346274, 0.06032658051446538, 0.42507296868660527, 0.5731728011351861]
-146.0,[0.9350839564885802, 0.17185623227366675, 0.6077763100460365, 0.06032658051446538, 0.42507296868660527, 0.5731728011351861]
-146.0,[0.9350839564885802, 0.17185623227366675, 0.10456444569299772, 0.0, 0.42507296868660527, 0.5731728011351861]
-146.0,[0.9350839564885802, 0.17185623227366675, 0.7423272938611838, 0.06032658051446538, 0.42507296868660527, 0.5731728011351861]
-146.0,[0.9350839564885802, 0.17185623227366675, 0.7423272938611838, 0.06032658051446538, 0.42507296868660527, 0.5731728011351861]
-146.0,[0.9350839564885802, 0.17185623227366675, 0.8653226940617467, 0.06032658051446538, 0.42507296868660527, 0.5731728011351861]
-146.0,[0.9350839564885802, 0.17185623227366675, 0.7423272938611838, 0.0, 0.42507296868660527, 0.5731728011351861]
-146.0,[0.9350839564885802, 0.17185623227366675, 0.43498098580114986, 0.06032658051446538, 0.42507296868660527, 0.5731728011351861]
-146.0,[0.9350839564885802, 0.17185623227366675, 0.7423272938611838, 0.06032658051446538, 0.42507296868660527, 0.5731728011351861]
-146.0,[0.9350839564885802, 0.17185623227366675, 0.4875572615771286, 0.06032658051446538, 0.42507296868660527, 0.5731728011351861]
-146.0,[0.9350839564885802, 0.17185623227366675, 0.7423272938611838, 0.06032658051446538, 0.42507296868660527, 0.5731728011351861]
-146.0,[0.9350839564885802, 0.17185623227366675, 0.7423272938611838, 0.05236629710394369, 0.42507296868660527, 0.5731728011351861]
-146.0,[0.9350839564885802, 0.17185623227366675, 0.7423272938611838, 0.0, 0.42507296868660527, 0.5731728011351861]
-146.0,[0.9350839564885802, 0.17185623227366675, 0.4875572615771286, 0.06032658051446538, 0.42507296868660527, 0.5731728011351861]
-146.0,[0.9350839564885802, 0.17185623227366675, 0.7423272938611838, 0.06032658051446538, 0.42507296868660527, 0.5731728011351861]
-146.0,[0.9350839564885802, 0.17185623227366675, 0.7423272938611838, 0.05236629710394369, 0.42507296868660527, 0.5731728011351861]
-146.0,[0.9350839564885802, 0.17185623227366675, 0.7423272938611838, 0.0, 0.42507296868660527, 0.5731728011351861]
-146.0,[0.9350839564885802, 0.17185623227366675, 0.5587841941760507, 0.0, 0.42507296868660527, 0.5731728011351861]
-146.0,[0.9350839564885802, 0.17185623227366675, 0.7423272938611838, 0.06032658051446538, 0.42507296868660527, 0.5731728011351861]
-146.0,[0.9350839564885802, 0.17185623227366675, 0.7423272938611838, 0.0, 0.42507296868660527, 0.5731728011351861]
-146.0,[0.9350839564885802, 0.17185623227366675, 0.7423272938611838, 0.06032658051446538, 0.42507296868660527, 0.5731728011351861]
-146.0,[0.9350839564885802, 0.17185623227366675, 0.4875572615771286, 0.0, 0.42507296868660527, 0.5731728011351861]
-146.0,[0.9350839564885802, 0.17185623227366675, 0.7423272938611838, 0.0, 0.42507296868660527, 0.5731728011351861]
-146.0,[0.9350839564885802, 0.17185623227366675, 0.5587841941760507, 0.0, 0.42507296868660527, 0.5731728011351861]
-146.0,[0.9350839564885802, 0.17185623227366675, 0.7423272938611838, 0.0, 0.42507296868660527, 0.5731728011351861]
-146.0,[0.9350839564885802, 0.17185623227366675, 0.7423272938611838, 0.0, 0.42507296868660527, 0.5731728011351861]
-145.0,[0.9220291194374927, 0.17185623227366675, 0.7423272938611838, 0.0, 0.42507296868660527, 0.5731728011351861]
-146.0,[0.9350839564885802, 0.17185623227366675, 0.7423272938611838, 0.0, 0.42507296868660527, 0.5731728011351861]
-146.0,[0.9350839564885802, 0.17185623227366675, 0.7423272938611838, 0.0, 0.42507296868660527, 0.5731728011351861]
-146.0,[0.9350839564885802, 0.17185623227366675, 0.5587841941760507, 0.17217731420075655, 0.42507296868660527, 0.5731728011351861]
-146.0,[0.9350839564885802, 0.17185623227366675, 0.7423272938611838, 0.0, 0.42507296868660527, 0.5731728011351861]
-146.0,[0.9350839564885802, 0.17185623227366675, 0.7423272938611838, 0.0, 0.42507296868660527, 0.5731728011351861]
-146.0,[0.9350839564885802, 0.17185623227366675, 0.7423272938611838, 0.0, 0.42507296868660527, 0.5731728011351861]
-146.0,[0.9350839564885802, 0.17185623227366675, 0.7423272938611838, 0.0, 0.42507296868660527, 0.5731728011351861]
-146.0,[0.9350839564885802, 0.17185623227366675, 0.7423272938611838, 0.06032658051446538, 0.42507296868660527, 0.5731728011351861]
-146.0,[0.9350839564885802, 0.17185623227366675, 0.7423272938611838, 0.0, 0.42507296868660527, 0.5731728011351861]
-146.0,[0.9350839564885802, 0.17185623227366675, 0.7423272938611838, 0.0, 0.42507296868660527, 0.5731728011351861]
-146.0,[0.9350839564885802, 0.17185623227366675, 0.7423272938611838, 0.08704297229389651, 0.42507296868660527, 0.5731728011351861]
-146.0,[0.9350839564885802, 0.17185623227366675, 0.0, 0.0, 0.42507296868660527, 0.5731728011351861]
-146.0,[0.9350839564885802, 0.17185623227366675, 0.7423272938611838, 0.0, 0.42507296868660527, 0.5731728011351861]
-146.0,[0.9350839564885802, 0.17185623227366675, 0.7423272938611838, 0.0, 0.42507296868660527, 0.5731728011351861]
-146.0,[0.9350839564885802, 0.17185623227366675, 0.0, 0.0, 0.42507296868660527, 0.5731728011351861]
-146.0,[0.9350839564885802, 0.17185623227366675, 0.3190714840371278, 0.0, 0.42507296868660527, 0.5731728011351861]
-146.0,[0.9350839564885802, 0.17185623227366675, 0.7423272938611838, 0.0, 0.42507296868660527, 0.5731728011351861]
-146.0,[0.9350839564885802, 0.17185623227366675, 0.7423272938611838, 0.0, 0.42507296868660527, 0.5731728011351861]
-146.0,[0.9350839564885802, 0.17185623227366675, 0.7423272938611838, 0.0, 0.42507296868660527, 0.5731728011351861]
-146.0,[0.9350839564885802, 0.17185623227366675, 0.0, 0.0, 0.42507296868660527, 0.5731728011351861]
-146.0,[0.9350839564885802, 0.17185623227366675, 0.8366658729707699, 0.0, 0.42507296868660527, 0.5731728011351861]
-146.0,[0.9350839564885802, 0.17185623227366675, 0.7423272938611838, 0.0, 0.42507296868660527, 0.5731728011351861]
-146.0,[0.9350839564885802, 0.17185623227366675, 0.7423272938611838, 0.0, 0.42507296868660527, 0.5731728011351861]
-146.0,[0.9350839564885802, 0.17185623227366675, 0.7423272938611838, 0.0, 0.42507296868660527, 0.5731728011351861]
-146.0,[0.9350839564885802, 0.17185623227366675, 0.7423272938611838, 0.13607882409055194, 0.42507296868660527, 0.5731728011351861]
-146.0,[0.9350839564885802, 0.17185623227366675, 0.8366658729707699, 0.0, 0.42507296868660527, 0.5731728011351861]
-146.0,[0.9350839564885802, 0.17185623227366675, 0.7423272938611838, 0.0, 0.42507296868660527, 0.5731728011351861]
-146.0,[0.9350839564885802, 0.17185623227366675, 0.0, 0.0, 0.42507296868660527, 0.5731728011351861]
-146.0,[0.9350839564885802, 0.17185623227366675, 0.7423272938611838, 0.0, 0.42507296868660527, 0.5731728011351861]
-146.0,[0.9350839564885802, 0.17185623227366675, 0.8366658729707699, 0.0, 0.42507296868660527, 0.5731728011351861]
-146.0,[0.9350839564885802, 0.17185623227366675, 0.7423272938611838, 0.0, 0.42507296868660527, 0.5731728011351861]
-146.0,[0.9350839564885802, 0.17185623227366675, 0.8366658729707699, 0.0, 0.42507296868660527, 0.5731728011351861]
-146.0,[0.9350839564885802, 0.17185623227366675, 0.7423272938611838, 0.0, 0.42507296868660527, 0.5731728011351861]
-146.0,[0.9350839564885802, 0.17185623227366675, 0.8366658729707699, 0.0, 0.42507296868660527, 0.5731728011351861]
-146.0,[0.9350839564885802, 0.17185623227366675, 0.7423272938611838, 0.0, 0.42507296868660527, 0.5731728011351861]
-146.0,[0.9350839564885802, 0.17185623227366675, 0.8366658729707699, 0.0, 0.42507296868660527, 0.5731728011351861]
-146.0,[0.9350839564885802, 0.17185623227366675, 0.7884808842714166, 0.0, 0.42507296868660527, 0.5731728011351861]
-146.0,[0.9350839564885802, 0.17185623227366675, 0.3190714840371278, 0.0, 0.42507296868660527, 0.5731728011351861]
-146.0,[0.9350839564885802, 0.17185623227366675, 0.8366658729707699, 0.0, 0.42507296868660527, 0.5731728011351861]
-146.0,[0.9350839564885802, 0.17185623227366675, 0.8366658729707699, 0.0, 0.42507296868660527, 0.5731728011351861]
-146.0,[0.9350839564885802, 0.17185623227366675, 0.7423272938611838, 0.0, 0.42507296868660527, 0.5731728011351861]
-146.0,[0.9350839564885802, 0.17185623227366675, 0.8366658729707699, 0.0, 0.42507296868660527, 0.5731728011351861]
-146.0,[0.9350839564885802, 0.17185623227366675, 0.8366658729707699, 0.0, 0.42507296868660527, 0.5731728011351861]
-146.0,[0.9350839564885802, 0.17185623227366675, 0.8366658729707699, 0.0, 0.42507296868660527, 0.5731728011351861]
-146.0,[0.9350839564885802, 0.17185623227366675, 0.7423272938611838, 0.0, 0.42507296868660527, 0.5731728011351861]
-146.0,[0.9350839564885802, 0.17185623227366675, 0.7423272938611838, 0.0, 0.42507296868660527, 0.5731728011351861]
-146.0,[0.9350839564885802, 0.17185623227366675, 0.7423272938611838, 0.0, 0.42507296868660527, 0.5731728011351861]
-146.0,[0.9350839564885802, 0.17185623227366675, 0.8366658729707699, 0.18760249839546206, 0.42507296868660527, 0.5731728011351861]
-146.0,[0.9350839564885802, 0.17185623227366675, 0.7423272938611838, 0.0, 0.42507296868660527, 0.5731728011351861]
-146.0,[0.9350839564885802, 0.17185623227366675, 0.7423272938611838, 0.0, 0.42507296868660527, 0.5731728011351861]
-146.0,[0.9350839564885802, 0.17185623227366675, 0.3190714840371278, 0.0, 0.42507296868660527, 0.5731728011351861]
-146.0,[0.9350839564885802, 0.17185623227366675, 0.8366658729707699, 0.0, 0.42507296868660527, 0.5731728011351861]
-146.0,[0.9350839564885802, 0.17185623227366675, 0.7423272938611838, 0.0, 0.42507296868660527, 0.5731728011351861]
-145.2,[0.9350839564885802, 0.17185623227366675, 0.23132270003680055, 0.0, 0.4448780259617576, 0.5731728011351861]
-146.0,[0.9350839564885802, 0.17185623227366675, 0.7423272938611838, 0.0, 0.42507296868660527, 0.5731728011351861]
-146.0,[0.9350839564885802, 0.17185623227366675, 0.7150657415529575, 0.0, 0.42507296868660527, 0.5731728011351861]
-146.0,[0.9350839564885802, 0.17185623227366675, 0.23132270003680055, 0.0, 0.42507296868660527, 0.5731728011351861]
-146.0,[0.9350839564885802, 0.17185623227366675, 0.7423272938611838, 0.0, 0.42507296868660527, 0.5731728011351861]
-146.0,[0.9405756765422228, 0.17185623227366675, 0.7423272938611838, 0.0, 0.42507296868660527, 0.5731728011351861]
-146.0,[0.9350839564885802, 0.17185623227366675, 0.0, 0.0, 0.42507296868660527, 0.5731728011351861]
-146.0,[0.9405756765422228, 0.17185623227366675, 0.8366658729707699, 0.0, 0.42507296868660527, 0.5731728011351861]
-146.0,[0.9350839564885802, 0.17185623227366675, 0.8366658729707699, 0.0, 0.42507296868660527, 0.5731728011351861]
-146.0,[0.9350839564885802, 0.17185623227366675, 0.23132270003680055, 0.0, 0.42507296868660527, 0.5731728011351861]
-146.0,[0.9350839564885802, 0.17185623227366675, 0.0, 0.0, 0.42507296868660527, 0.5731728011351861]
-146.0,[0.9350839564885802, 0.17185623227366675, 0.23132270003680055, 0.0, 0.42507296868660527, 0.5731728011351861]
-146.0,[0.9350839564885802, 0.17185623227366675, 0.0, 0.0, 0.42507296868660527, 0.5731728011351861]
-146.0,[0.9350839564885802, 0.17185623227366675, 0.0, 0.0, 0.42507296868660527, 0.5731728011351861]
-146.0,[0.9350839564885802, 0.17185623227366675, 0.9397548704264197, 0.0, 0.42507296868660527, 0.5731728011351861]
-145.8,[0.9405756765422228, 0.17185623227366675, 0.7423272938611838, 0.0, 0.4156510091987598, 0.5731728011351861]
-146.0,[0.9350839564885802, 0.17185623227366675, 0.7423272938611838, 0.0, 0.42507296868660527, 0.5731728011351861]
-146.0,[0.9405756765422228, 0.17185623227366675, 0.7423272938611838, 0.0, 0.42507296868660527, 0.5731728011351861]
-146.0,[0.9350839564885802, 0.17185623227366675, 0.7423272938611838, 0.0, 0.42507296868660527, 0.5731728011351861]
-146.0,[0.9350839564885802, 0.17185623227366675, 0.8366658729707699, 0.0, 0.42507296868660527, 0.5731728011351861]
-146.0,[0.9350839564885802, 0.17185623227366675, 0.7423272938611838, 0.0, 0.42507296868660527, 0.5731728011351861]
-146.0,[0.9350839564885802, 0.17185623227366675, 0.8366658729707699, 0.0, 0.42507296868660527, 0.5731728011351861]
-146.0,[0.9350839564885802, 0.17185623227366675, 0.7423272938611838, 0.0, 0.42507296868660527, 0.5731728011351861]
-146.0,[0.9350839564885802, 0.17185623227366675, 0.7423272938611838, 0.0, 0.42507296868660527, 0.5731728011351861]
-146.0,[0.9350839564885802, 0.17185623227366675, 0.8366658729707699, 0.0, 0.42507296868660527, 0.5731728011351861]
-146.0,[0.9350839564885802, 0.17185623227366675, 0.7423272938611838, 0.0, 0.42507296868660527, 0.5731728011351861]
-146.0,[0.9350839564885802, 0.17185623227366675, 0.0, 0.0, 0.42507296868660527, 0.5731728011351861]
-146.0,[0.9350839564885802, 0.17185623227366675, 0.0, 0.0, 0.42507296868660527, 0.5731728011351861]
-146.0,[0.9350839564885802, 0.17185623227366675, 0.7423272938611838, 0.0, 0.42507296868660527, 0.5731728011351861]
-146.0,[0.9350839564885802, 0.17185623227366675, 0.0, 0.0, 0.42507296868660527, 0.5731728011351861]
-146.0,[0.9350839564885802, 0.17185623227366675, 0.7423272938611838, 0.0, 0.42507296868660527, 0.5731728011351861]
-146.0,[0.9350839564885802, 0.17185623227366675, 0.8366658729707699, 0.0, 0.42507296868660527, 0.5731728011351861]
-146.0,[0.9350839564885802, 0.17185623227366675, 0.8366658729707699, 0.0, 0.42507296868660527, 0.5731728011351861]
-146.0,[0.9350839564885802, 0.17185623227366675, 0.2892002318744436, 0.0, 0.42507296868660527, 0.5731728011351861]
-146.0,[0.9350839564885802, 0.17185623227366675, 0.8366658729707699, 0.0, 0.42507296868660527, 0.5731728011351861]
-146.0,[0.9350839564885802, 0.17185623227366675, 0.7423272938611838, 0.0, 0.42507296868660527, 0.5731728011351861]
-146.0,[0.9350839564885802, 0.17185623227366675, 0.8366658729707699, 0.0, 0.42507296868660527, 0.5731728011351861]
-146.0,[0.9350839564885802, 0.17185623227366675, 0.0, 0.0, 0.42507296868660527, 0.5731728011351861]
-146.0,[0.9350839564885802, 0.17185623227366675, 0.0, 0.0, 0.42507296868660527, 0.5731728011351861]
-146.0,[0.9350839564885802, 0.17185623227366675, 0.2892002318744436, 0.0, 0.42507296868660527, 0.5731728011351861]
-146.0,[0.9350839564885802, 0.17185623227366675, 0.0, 0.0, 0.42507296868660527, 0.5731728011351861]
-146.0,[0.9350839564885802, 0.17185623227366675, 0.0, 0.08858178368702513, 0.42507296868660527, 0.5731728011351861]
-146.0,[0.9350839564885802, 0.17185623227366675, 0.0, 0.0, 0.42507296868660527, 0.5731728011351861]
-146.0,[0.9350839564885802, 0.17185623227366675, 0.2892002318744436, 0.0, 0.42507296868660527, 0.5731728011351861]
-146.0,[0.9350839564885802, 0.17185623227366675, 0.7423272938611838, 0.0, 0.42507296868660527, 0.5731728011351861]
-146.0,[0.9350839564885802, 0.17185623227366675, 0.0, 0.0, 0.42507296868660527, 0.5731728011351861]
-146.0,[0.9350839564885802, 0.17185623227366675, 0.0, 0.0, 0.42507296868660527, 0.5731728011351861]
-146.0,[0.9350839564885802, 0.17185623227366675, 0.0, 0.0, 0.42507296868660527, 0.5731728011351861]
-146.0,[0.9350839564885802, 0.17185623227366675, 0.0, 0.0, 0.42507296868660527, 0.5731728011351861]
-146.0,[0.9350839564885802, 0.17185623227366675, 0.0, 0.0, 0.42507296868660527, 0.5731728011351861]
-146.0,[0.9350839564885802, 0.17185623227366675, 0.0, 0.0, 0.42507296868660527, 0.5731728011351861]
-146.0,[0.9350839564885802, 0.17185623227366675, 0.2892002318744436, 0.0, 0.42507296868660527, 0.5731728011351861]
-146.0,[0.9350839564885802, 0.17185623227366675, 0.0, 0.0, 0.42507296868660527, 0.5731728011351861]
-146.0,[0.9350839564885802, 0.17185623227366675, 0.0, 0.0, 0.42507296868660527, 0.5731728011351861]
-146.0,[0.9350839564885802, 0.17185623227366675, 0.0, 0.0, 0.42507296868660527, 0.5731728011351861]
-146.0,[0.9350839564885802, 0.17185623227366675, 0.0, 0.0, 0.42507296868660527, 0.5731728011351861]
-146.0,[0.9350839564885802, 0.17185623227366675, 0.0, 0.0, 0.42507296868660527, 0.5731728011351861]
-146.0,[0.9350839564885802, 0.17185623227366675, 0.2892002318744436, 0.0, 0.42507296868660527, 0.5731728011351861]
-146.0,[0.9350839564885802, 0.17185623227366675, 0.2780503656491307, 0.0, 0.42507296868660527, 0.5731728011351861]
-146.0,[0.9350839564885802, 0.17185623227366675, 0.0, 0.0, 0.42507296868660527, 0.5731728011351861]
-146.0,[0.9350839564885802, 0.17185623227366675, 0.7423272938611838, 0.0, 0.42507296868660527, 0.5731728011351861]
-146.0,[0.9350839564885802, 0.17185623227366675, 0.0, 0.0, 0.42507296868660527, 0.5731728011351861]
-146.0,[0.9350839564885802, 0.17185623227366675, 0.2892002318744436, 0.0, 0.42507296868660527, 0.5731728011351861]
-146.0,[0.9350839564885802, 0.17185623227366675, 0.2906708146772112, 0.0, 0.42507296868660527, 0.5731728011351861]
-146.0,[0.9350839564885802, 0.17185623227366675, 0.7423272938611838, 0.0, 0.42507296868660527, 0.5731728011351861]
-146.0,[0.9350839564885802, 0.17185623227366675, 0.2892002318744436, 0.0, 0.42507296868660527, 0.5731728011351861]
-146.0,[0.9350839564885802, 0.17185623227366675, 0.27327449595884834, 0.0, 0.42507296868660527, 0.5731728011351861]
-146.0,[0.9350839564885802, 0.17185623227366675, 0.7423272938611838, 0.0, 0.42507296868660527, 0.5731728011351861]
-146.0,[0.9350839564885802, 0.17185623227366675, 0.7423272938611838, 0.0, 0.42507296868660527, 0.5731728011351861]
-146.0,[0.9350839564885802, 0.17185623227366675, 0.2892002318744436, 0.0, 0.42507296868660527, 0.5731728011351861]
-146.0,[0.9350839564885802, 0.17185623227366675, 0.2892002318744436, 0.0, 0.42507296868660527, 0.5731728011351861]
-146.0,[0.9350839564885802, 0.17185623227366675, 0.2892002318744436, 0.0, 0.42507296868660527, 0.5731728011351861]
-146.0,[0.9350839564885802, 0.17185623227366675, 0.7423272938611838, 0.0, 0.42507296868660527, 0.5731728011351861]
-146.0,[0.9350839564885802, 0.17185623227366675, 0.0, 0.0, 0.42507296868660527, 0.5731728011351861]
-146.0,[0.9350839564885802, 0.17185623227366675, 0.2892002318744436, 0.0, 0.42507296868660527, 0.5731728011351861]
-146.0,[0.9350839564885802, 0.17185623227366675, 0.23502882623311216, 0.0, 0.42507296868660527, 0.5731728011351861]
-146.0,[0.9350839564885802, 0.17185623227366675, 0.6955430520020989, 0.0, 0.42507296868660527, 0.5731728011351861]
-146.0,[0.9350839564885802, 0.17185623227366675, 0.0, 0.0, 0.42507296868660527, 0.5731728011351861]
-146.0,[0.9350839564885802, 0.17185623227366675, 0.0, 0.0, 0.42507296868660527, 0.5731728011351861]
-146.0,[0.9350839564885802, 0.17185623227366675, 0.0, 0.0, 0.42507296868660527, 0.5731728011351861]
-146.0,[0.9350839564885802, 0.17185623227366675, 0.0, 0.0, 0.42507296868660527, 0.5731728011351861]
-146.0,[0.9350839564885802, 0.17185623227366675, 0.0, 0.0, 0.42507296868660527, 0.5731728011351861]
-146.0,[0.9350839564885802, 0.17185623227366675, 0.0, 0.0, 0.42507296868660527, 0.5731728011351861]
-146.0,[0.9350839564885802, 0.17185623227366675, 0.23502882623311216, 0.0, 0.42507296868660527, 0.5731728011351861]
-146.0,[0.9350839564885802, 0.17185623227366675, 0.0, 0.0, 0.42507296868660527, 0.5731728011351861]
-146.0,[0.9350839564885802, 0.17185623227366675, 0.0, 0.0, 0.42507296868660527, 0.5731728011351861]
-146.0,[0.9350839564885802, 0.17185623227366675, 0.0, 0.0, 0.42507296868660527, 0.5731728011351861]
-146.0,[0.9350839564885802, 0.17185623227366675, 0.0, 0.0, 0.42507296868660527, 0.5731728011351861]
-146.0,[0.9350839564885802, 0.17185623227366675, 0.0, 0.0, 0.42507296868660527, 0.5731728011351861]
-146.0,[0.9350839564885802, 0.17185623227366675, 0.1528246196675206, 0.0, 0.42507296868660527, 0.5731728011351861]
-146.0,[0.9350839564885802, 0.17185623227366675, 0.0, 0.0, 0.42507296868660527, 0.5731728011351861]
-146.0,[0.9350839564885802, 0.17185623227366675, 0.0, 0.0, 0.42507296868660527, 0.5731728011351861]
-146.0,[0.9350839564885802, 0.17185623227366675, 0.0, 0.0, 0.42507296868660527, 0.5731728011351861]
-146.0,[0.9350839564885802, 0.17185623227366675, 0.7423272938611838, 0.04737240226518302, 0.42507296868660527, 0.5731728011351861]
-146.0,[0.9350839564885802, 0.17185623227366675, 0.0, 0.0, 0.42507296868660527, 0.5731728011351861]
-146.0,[0.9350839564885802, 0.17185623227366675, 0.0, 0.0, 0.42507296868660527, 0.5731728011351861]
-146.0,[0.9350839564885802, 0.17185623227366675, 0.0, 0.0, 0.42507296868660527, 0.5731728011351861]
-146.0,[0.9350839564885802, 0.17185623227366675, 0.0, 0.0, 0.42507296868660527, 0.5731728011351861]
-146.0,[0.9350839564885802, 0.17185623227366675, 0.0, 0.34944271726442117, 0.42507296868660527, 0.5731728011351861]
-146.0,[0.9350839564885802, 0.17185623227366675, 0.0, 0.0, 0.42507296868660527, 0.5731728011351861]
-146.0,[0.9350839564885802, 0.17185623227366675, 0.0, 0.0, 0.42507296868660527, 0.5731728011351861]
-146.0,[0.9443156379201169, 0.17185623227366675, 0.0, 0.0, 0.4342099751539679, 0.5731728011351861]
-146.0,[0.9443156379201169, 0.17185623227366675, 0.0, 0.0, 0.4342099751539679, 0.5731728011351861]
-146.0,[0.9350839564885802, 0.17185623227366675, 0.0, 0.0, 0.42507296868660527, 0.5731728011351861]
-146.0,[0.9350839564885802, 0.17185623227366675, 0.0, 0.0, 0.42507296868660527, 0.5731728011351861]
-146.0,[0.9350839564885802, 0.17185623227366675, 0.0, 0.0, 0.42507296868660527, 0.5731728011351861]
-146.0,[0.9350839564885802, 0.17185623227366675, 0.0, 0.0, 0.42507296868660527, 0.5731728011351861]
-146.0,[0.9350839564885802, 0.17185623227366675, 0.0, 0.0, 0.42507296868660527, 0.5731728011351861]
-145.6,[0.9350839564885802, 0.1822599666588866, 0.0, 0.0, 0.42507296868660527, 0.5731728011351861]
-146.0,[0.9350839564885802, 0.17185623227366675, 0.0, 0.0, 0.42507296868660527, 0.5731728011351861]
-146.0,[0.9350839564885802, 0.17185623227366675, 0.0, 0.0, 0.42507296868660527, 0.5731728011351861]
-146.0,[0.9350839564885802, 0.17185623227366675, 0.08762936806899674, 0.0, 0.42507296868660527, 0.5731728011351861]
-146.0,[0.9350839564885802, 0.17185623227366675, 0.0, 0.0, 0.42507296868660527, 0.5731728011351861]
-146.0,[0.9350839564885802, 0.17185623227366675, 0.0, 0.0, 0.42507296868660527, 0.5731728011351861]
-146.0,[0.9350839564885802, 0.17185623227366675, 0.0, 0.0, 0.42507296868660527, 0.5731728011351861]
-146.0,[0.9350839564885802, 0.17185623227366675, 0.0, 0.0, 0.42507296868660527, 0.5731728011351861]
-146.0,[0.9350839564885802, 0.17185623227366675, 0.0, 0.0, 0.42507296868660527, 0.5731728011351861]
-145.0,[0.9350839564885802, 0.17185623227366675, 0.0, 0.0, 0.42507296868660527, 0.5832782997057486]
-146.0,[0.9350839564885802, 0.17185623227366675, 0.0, 0.0, 0.42507296868660527, 0.5731728011351861]
-146.0,[0.9350839564885802, 0.17185623227366675, 0.0, 0.0, 0.42507296868660527, 0.5731728011351861]
-145.0,[0.9350839564885802, 0.17185623227366675, 0.0, 0.0, 0.42507296868660527, 0.5832782997057486]
-146.0,[0.9350839564885802, 0.17185623227366675, 0.0, 0.0, 0.42507296868660527, 0.5731728011351861]
-146.0,[0.9350839564885802, 0.17185623227366675, 0.0, 0.0, 0.42507296868660527, 0.5731728011351861]
-145.0,[0.9350839564885802, 0.17185623227366675, 0.7423272938611838, 0.0, 0.42507296868660527, 0.5832782997057486]
-146.0,[0.9350839564885802, 0.17185623227366675, 0.0, 0.0, 0.42507296868660527, 0.5731728011351861]
-146.0,[0.9350839564885802, 0.17185623227366675, 0.0, 0.0, 0.42507296868660527, 0.5731728011351861]
-146.0,[0.9350839564885802, 0.17185623227366675, 0.0, 0.0, 0.42507296868660527, 0.5731728011351861]
-146.0,[0.9350839564885802, 0.17185623227366675, 0.7423272938611838, 0.0, 0.42507296868660527, 0.5731728011351861]
-146.0,[0.9350839564885802, 0.17185623227366675, 0.0, 0.0, 0.42507296868660527, 0.5731728011351861]
-146.0,[0.9350839564885802, 0.17185623227366675, 0.0, 0.0, 0.42507296868660527, 0.5731728011351861]
-146.0,[0.9350839564885802, 0.17185623227366675, 0.0, 0.0, 0.42507296868660527, 0.5731728011351861]
-146.0,[0.9350839564885802, 0.17185623227366675, 0.0, 0.0, 0.42507296868660527, 0.5731728011351861]
-146.0,[0.9350839564885802, 0.17185623227366675, 0.0, 0.0, 0.42507296868660527, 0.5731728011351861]
-146.0,[0.9350839564885802, 0.17185623227366675, 0.0, 0.0, 0.42507296868660527, 0.5731728011351861]
-146.0,[0.9350839564885802, 0.17185623227366675, 0.7423272938611838, 0.0, 0.42507296868660527, 0.5731728011351861]
-146.0,[0.9350839564885802, 0.17185623227366675, 0.0, 0.0, 0.42507296868660527, 0.5731728011351861]
-146.0,[0.9350839564885802, 0.17185623227366675, 0.0, 0.0, 0.42507296868660527, 0.5731728011351861]
-146.0,[0.9350839564885802, 0.17185623227366675, 0.0, 0.0, 0.42507296868660527, 0.5731728011351861]
-146.0,[0.9350839564885802, 0.17185623227366675, 0.0, 0.2917029137967103, 0.42507296868660527, 0.5731728011351861]
-146.0,[0.9350839564885802, 0.17185623227366675, 0.0, 0.0, 0.42507296868660527, 0.5731728011351861]
-146.0,[0.9350839564885802, 0.17185623227366675, 0.0, 0.0, 0.42507296868660527, 0.5731728011351861]
-146.0,[0.9350839564885802, 0.17185623227366675, 0.0, 0.0, 0.42507296868660527, 0.5731728011351861]
-146.0,[0.9350839564885802, 0.17185623227366675, 0.0, 0.15127643253308876, 0.42507296868660527, 0.5731728011351861]
-146.0,[0.9350839564885802, 0.17185623227366675, 0.0, 0.0, 0.42507296868660527, 0.5731728011351861]
-146.0,[0.9350839564885802, 0.17185623227366675, 0.0, 0.0, 0.42507296868660527, 0.5731728011351861]
-146.0,[0.9350839564885802, 0.17185623227366675, 0.0, 0.0, 0.42507296868660527, 0.5731728011351861]
-146.0,[0.9350839564885802, 0.17185623227366675, 0.0, 0.2917029137967103, 0.42507296868660527, 0.5731728011351861]
-146.0,[0.9350839564885802, 0.17185623227366675, 0.11371253063686593, 0.0, 0.42507296868660527, 0.5731728011351861]
-146.0,[0.9350839564885802, 0.17185623227366675, 0.0, 0.2917029137967103, 0.42507296868660527, 0.5731728011351861]
-146.0,[0.9350839564885802, 0.17185623227366675, 0.0, 0.0, 0.42507296868660527, 0.5731728011351861]
-146.0,[0.9350839564885802, 0.17185623227366675, 0.0, 0.0, 0.42507296868660527, 0.5731728011351861]
-146.0,[0.9350839564885802, 0.17185623227366675, 0.0, 0.0, 0.42507296868660527, 0.5731728011351861]
-146.0,[0.9350839564885802, 0.17185623227366675, 0.04985604104359209, 0.0, 0.42507296868660527, 0.5731728011351861]
-146.0,[0.9350839564885802, 0.17185623227366675, 0.0, 0.0, 0.3621445784849631, 0.6200077233092242]
-146.0,[0.9350839564885802, 0.17185623227366675, 0.11371253063686593, 0.2917029137967103, 0.42507296868660527, 0.5813979647882022]
-146.0,[0.9350839564885802, 0.17185623227366675, 0.11371253063686593, 0.0, 0.42507296868660527, 0.5731728011351861]
-146.0,[0.9350839564885802, 0.17185623227366675, 0.0, 0.0, 0.42507296868660527, 0.5731728011351861]
-146.0,[0.9350839564885802, 0.17185623227366675, 0.0, 0.0, 0.42507296868660527, 0.5731728011351861]
-146.0,[0.9350839564885802, 0.17185623227366675, 0.11371253063686593, 0.2917029137967103, 0.42507296868660527, 0.5731728011351861]
-146.0,[0.9350839564885802, 0.17185623227366675, 0.20876191937237892, 0.2917029137967103, 0.42507296868660527, 0.5813979647882022]
-146.0,[0.9350839564885802, 0.17185623227366675, 0.0, 0.15127643253308876, 0.42507296868660527, 0.5731728011351861]
-146.0,[0.9350839564885802, 0.17185623227366675, 0.17611334155525682, 0.15127643253308876, 0.42507296868660527, 0.5731728011351861]
-146.0,[0.9350839564885802, 0.17185623227366675, 0.0, 0.2917029137967103, 0.42507296868660527, 0.5731728011351861]
-146.0,[0.9443156379201169, 0.17185623227366675, 0.0, 0.0, 0.42507296868660527, 0.5813979647882022]
-146.0,[0.9350839564885802, 0.17185623227366675, 0.11371253063686593, 0.0, 0.42507296868660527, 0.5731728011351861]
-146.0,[0.9350839564885802, 0.17185623227366675, 0.18959981759525507, 0.15127643253308876, 0.42507296868660527, 0.5731728011351861]
-146.0,[0.9350839564885802, 0.17185623227366675, 0.0, 0.15127643253308876, 0.42507296868660527, 0.5731728011351861]
-146.0,[0.9350839564885802, 0.17185623227366675, 0.11371253063686593, 0.2917029137967103, 0.42507296868660527, 0.5731728011351861]
-146.0,[0.9257504455647372, 0.17185623227366675, 0.11371253063686593, 0.0, 0.42507296868660527, 0.5731728011351861]
-146.0,[0.9350839564885802, 0.1744110457512964, 0.0, 0.0, 0.42507296868660527, 0.5731728011351861]
-146.0,[0.9350839564885802, 0.17185623227366675, 0.11371253063686593, 0.2917029137967103, 0.42507296868660527, 0.5731728011351861]
-146.0,[0.9350839564885802, 0.17185623227366675, 0.0, 0.0, 0.42507296868660527, 0.5731728011351861]
-146.0,[0.9350839564885802, 0.17185623227366675, 0.11371253063686593, 0.2917029137967103, 0.42507296868660527, 0.5731728011351861]
-146.0,[0.9257504455647372, 0.17185623227366675, 0.11371253063686593, 0.17706450648950622, 0.42507296868660527, 0.5731728011351861]
-146.0,[0.9350839564885802, 0.17185623227366675, 0.0, 0.0, 0.42507296868660527, 0.5731728011351861]
-146.0,[0.9350839564885802, 0.17185623227366675, 0.0, 0.2917029137967103, 0.42507296868660527, 0.5731728011351861]
-146.0,[0.9350839564885802, 0.17185623227366675, 0.11371253063686593, 0.2917029137967103, 0.42507296868660527, 0.5731728011351861]
-146.0,[0.9350839564885802, 0.17185623227366675, 0.11371253063686593, 0.2917029137967103, 0.42507296868660527, 0.5731728011351861]
-146.0,[0.9350839564885802, 0.17185623227366675, 0.11371253063686593, 0.0, 0.42507296868660527, 0.5731728011351861]
-146.0,[0.9350839564885802, 0.17185623227366675, 0.11371253063686593, 0.0, 0.42507296868660527, 0.5731728011351861]
-156.0,[0.9350839564885802, 0.17185623227366675, 0.7423272938611838, 0.05236629710394369, 0.42507296868660527, 0.5731728011351861]
-156.0,[0.9350839564885802, 0.17185623227366675, 0.7423272938611838, 0.24218277095873963, 0.42507296868660527, 0.5731728011351861]
-156.0,[0.9350839564885802, 0.17185623227366675, 0.7423272938611838, 0.24218277095873963, 0.42507296868660527, 0.5731728011351861]
-155.0,[0.9350839564885802, 0.17185623227366675, 0.7423272938611838, 0.06032658051446538, 0.42507296868660527, 0.5731728011351861]
-155.0,[0.9350839564885802, 0.17185623227366675, 0.7423272938611838, 0.24218277095873963, 0.42507296868660527, 0.5731728011351861]
-155.0,[0.9350839564885802, 0.17185623227366675, 0.7423272938611838, 0.24218277095873963, 0.42507296868660527, 0.5731728011351861]
-155.2,[0.9405756765422228, 0.17185623227366675, 0.7423272938611838, 0.24218277095873963, 0.42507296868660527, 0.5731728011351861]
-155.2,[0.9405756765422228, 0.17185623227366675, 0.7423272938611838, 0.06032658051446538, 0.42507296868660527, 0.5731728011351861]
-155.8,[0.9350839564885802, 0.17185623227366675, 0.7423272938611838, 0.24218277095873963, 0.42507296868660527, 0.5731728011351861]
-160.0,[0.9350839564885802, 0.17185623227366675, 0.7423272938611838, 0.004352752726056619, 0.42507296868660527, 0.5731728011351861]
-160.0,[0.9350839564885802, 0.17185623227366675, 0.7423272938611838, 0.24218277095873963, 0.42507296868660527, 0.5731728011351861]
-160.0,[0.9350839564885802, 0.17185623227366675, 0.7423272938611838, 0.24218277095873963, 0.42507296868660527, 0.5731728011351861]
-153.4,[0.9405756765422228, 0.17185623227366675, 0.7423272938611838, 0.24218277095873963, 0.42507296868660527, 0.5731728011351861]
-153.8,[0.9350839564885802, 0.17185623227366675, 0.8653226940617467, 0.10147402179271942, 0.42507296868660527, 0.5731728011351861]
-153.8,[0.9350839564885802, 0.17185623227366675, 0.8653226940617467, 0.10147402179271942, 0.42507296868660527, 0.5731728011351861]
